2 0.248990 0.221552 0.202532 0.194093
2 0.433589 0.265855 0.187764 0.194093
0 0.475783 0.447290 0.145570 0.147679
0 0.517977 0.587585 0.145570 0.149789
0 0.649833 0.659315 0.139241 0.145570
0 0.743715 0.553830 0.137131 0.145570
1 0.598146 0.318598 0.158228 0.164557
1 0.623462 0.476826 0.158228 0.151899
1 0.756373 0.401931 0.154008 0.154008
1 0.679369 0.183577 0.156118 0.164557
1 0.362914 0.573872 0.168776 0.164557
1 0.123462 0.362902 0.183544 0.181435
3 0.317555 0.409315 0.175105 0.172996
3 0.188863 0.533788 0.183544 0.181435
4 0.446247 0.751087 0.196203 0.206751
4 0.242660 0.719442 0.206751 0.206751