4 0.445192 0.747923 0.202532 0.208861
4 0.244770 0.722606 0.210970 0.208861
0 0.646669 0.659315 0.141350 0.149789
0 0.741606 0.552775 0.141350 0.147679
0 0.517977 0.580201 0.145570 0.143460
0 0.474728 0.444125 0.147679 0.149789
1 0.362914 0.572817 0.172996 0.162447
1 0.624517 0.473661 0.156118 0.162447
1 0.593926 0.316488 0.154008 0.156118
1 0.677260 0.184632 0.151899 0.162447
3 0.317555 0.410370 0.170886 0.175105
3 0.188863 0.531678 0.179325 0.177215
2 0.430424 0.271130 0.185654 0.191983
2 0.239496 0.236320 0.200422 0.189873