1 0.369243 0.104463 0.168776 0.166667
1 0.539074 0.132944 0.158228 0.160338
1 0.695192 0.173028 0.154008 0.164557
1 0.603420 0.293282 0.156118 0.164557
1 0.622407 0.451509 0.156118 0.160338
1 0.760593 0.386109 0.149789 0.160338
1 0.354475 0.571763 0.172996 0.168776
1 0.119243 0.367121 0.179325 0.177215
0 0.648779 0.600244 0.141350 0.145570
0 0.510593 0.577037 0.139241 0.145570
0 0.476838 0.431467 0.139241 0.141350
0 0.767977 0.534843 0.139241 0.137131
0 0.724728 0.828092 0.137131 0.145570
3 0.795403 0.684632 0.160338 0.162447
3 0.316500 0.405096 0.181435 0.172996
3 0.184644 0.530623 0.179325 0.175105
3 0.830213 0.248978 0.154008 0.168776
3 0.586542 0.743704 0.164557 0.175105
4 0.202576 0.719442 0.210970 0.210970
4 0.406163 0.746868 0.196203 0.202532
2 0.899833 0.463113 0.162447 0.183544
2 0.242660 0.235265 0.198312 0.196203
2 0.432534 0.269020 0.181435 0.183544